Configuration,TrueModelUpDown,TrueLocationP,TrueLocationQ,P0,Q0,P1,Q1,P2,Q2,P3,Q3,P4,Q4,P5,Q5,P6,Q6,P7,Q7,P8,Q8,P9,Q9
6,0,440,350,421,200,439,296,376,314,508,541,695,302,463,301,634,220,574,316,610,302,374,289
6,1,399,450,421,533,431,556,512,470,393,328,323,409,448,478,319,450,299,284,539,510,422,470
6,1,417,491,356,592,704,522,412,442,473,349,406,533,638,359,412,587,311,528,392,353,414,611
6,1,389,466,290,405,470,395,282,370,442,481,417,405,470,544,298,437,323,382,496,632,301,420
6,1,396,452,537,454,525,529,497,302,335,512,291,296,478,273,425,300,472,473,343,281,451,508
7,1,387,450,513,547,478,471,485,475,249,542,416,537,251,644,263,525,446,559,375,608,283,547
6,0,428,350,376,404,403,539,549,402,520,342,445,409,741,325,121,362,548,232,599,343,307,217
6,0,411,350,509,346,394,276,452,250,461,337,406,389,567,332,412,332,554,292,367,265,394,218
6,0,385,350,185,486,462,552,358,340,544,300,324,207,427,438,569,360,415,433,425,402,480,342
6,1,401,450,358,492,517,462,486,564,421,451,441,511,336,384,234,289,373,402,390,477,459,485
6,1,396,452,527,448,543,503,406,419,341,535,338,522,294,408,306,453,306,430,429,381,581,549
7,0,407,343,387,232,571,297,307,341,461,358,309,301,323,285,500,373,462,317,471,267,448,364
6,0,375,350,427,449,566,305,475,307,192,283,349,399,346,267,208,425,415,306,272,256,258,523
7,0,411,333,271,584,304,428,321,262,217,224,184,492,560,383,691,331,351,362,350,337,498,269
7,1,427,450,455,573,329,461,567,302,333,600,519,512,425,557,254,493,293,461,344,503,584,322
6,1,410,464,353,479,545,412,407,440,587,534,153,584,446,517,626,628,468,436,466,388,206,633
6,0,408,350,491,310,516,420,489,391,278,339,647,334,423,457,402,356,368,473,477,266,460,408
7,0,385,319,426,520,242,333,378,260,304,347,406,311,253,402,366,404,359,339,485,402,421,209
7,1,389,450,496,436,345,356,421,372,483,409,376,486,488,567,384,495,236,597,461,362,321,622
7,0,400,350,567,446,392,574,431,367,266,405,413,407,555,411,378,297,401,489,293,384,445,344
7,0,402,350,487,436,287,296,429,334,303,240,486,295,567,534,513,475,349,363,532,369,278,273
7,0,398,349,259,341,453,485,408,404,520,449,451,401,403,331,434,384,400,507,546,253,465,336
6,1,401,450,306,470,390,485,509,347,519,412,441,586,409,505,469,332,296,549,278,555,413,456
7,0,402,350,502,293,391,417,458,264,512,319,459,283,321,403,421,236,444,338,611,276,605,547
6,1,407,458,320,347,386,617,239,466,466,423,389,385,566,435,335,452,393,422,348,376,311,347
7,1,401,450,320,614,344,371,370,456,508,518,439,401,364,475,378,314,277,475,590,494,278,523
7,1,416,450,238,664,379,489,420,523,398,486,622,441,538,418,376,389,375,607,483,416,516,520
7,0,395,347,361,399,53,389,328,249,297,296,365,416,444,445,225,397,334,132,471,210,367,400
6,1,415,482,531,510,412,395,499,652,458,536,385,462,494,311,321,559,162,538,108,538,330,452
6,1,402,451,316,523,444,471,363,460,463,419,367,339,318,328,342,595,237,378,683,416,201,329
7,0,385,317,426,488,416,391,466,331,293,287,370,314,280,316,284,332,453,330,348,346,276,444
7,1,379,450,257,470,20,738,388,625,398,517,398,455,302,493,270,424,335,291,310,618,222,395
7,1,365,450,351,512,311,504,495,488,332,594,431,525,385,413,433,475,351,383,481,487,482,376
6,0,359,350,343,228,310,499,351,368,251,483,297,461,576,291,381,438,557,327,175,365,366,186
7,0,385,320,458,325,423,355,337,395,458,363,320,165,406,305,466,316,384,399,460,339,340,281
7,0,410,335,476,266,389,314,403,466,511,355,290,286,490,138,246,214,325,406,329,270,309,443
6,0,351,350,326,286,425,309,272,446,369,490,295,383,419,413,327,413,411,204,253,238,411,421
7,1,416,450,486,652,628,631,367,509,563,523,508,468,386,506,591,477,308,320,370,546,304,569
6,1,410,465,574,512,440,526,344,318,331,482,558,483,269,310,389,410,318,373,425,405,206,476
7,1,358,450,356,527,270,378,292,722,346,670,309,374,171,565,394,322,317,401,389,375,296,697
7,0,402,349,294,425,287,329,294,453,280,448,335,405,224,347,356,354,330,408,487,232,173,422
7,1,404,450,273,568,518,499,277,229,441,599,422,383,403,419,374,365,553,334,474,387,333,607
7,0,408,340,418,491,271,160,378,414,255,350,493,304,359,403,252,307,327,426,334,314,512,316
6,0,419,350,369,331,522,201,426,319,566,346,373,293,276,223,533,227,352,323,460,270,433,295
6,0,376,350,544,329,481,459,339,217,466,304,441,567,465,293,222,308,262,328,402,408,369,579
7,1,361,450,387,498,457,506,404,320,354,350,299,437,391,440,367,606,623,267,361,592,185,238
6,0,449,350,404,403,442,317,462,408,489,265,584,437,296,567,591,388,548,406,549,497,307,436
6,1,403,451,311,293,283,581,519,421,288,388,362,635,507,569,458,387,468,426,313,509,312,440
6,0,403,350,379,280,460,274,551,242,686,339,380,328,359,437,336,308,526,417,355,391,367,179
6,0,363,350,241,323,279,316,242,429,283,277,391,240,355,126,184,536,404,356,450,602,426,264
7,0,398,350,164,340,467,231,583,417,331,432,421,386,394,439,503,260,262,331,364,85,494,235
6,0,384,350,252,359,389,459,337,276,567,258,256,327,305,299,130,187,419,392,371,510,464,160
7,1,393,450,402,354,567,325,358,365,446,523,425,479,524,486,398,375,381,511,409,622,568,409
6,0,424,350,486,355,352,430,503,480,566,355,329,377,237,315,572,410,554,484,494,319,385,449
7,0,388,331,388,465,500,372,372,310,300,188,192,367,349,357,465,424,486,411,353,352,378,483
7,0,388,331,265,409,546,443,295,243,399,262,269,330,321,399,564,371,369,444,265,378,472,268
7,0,409,340,496,391,460,341,330,253,410,302,318,351,570,328,175,206,500,462,423,379,439,405
7,0,414,321,393,138,279,299,337,361,403,394,444,311,364,296,533,261,362,401,332,263,392,203
7,0,400,350,349,224,542,623,374,305,330,299,338,376,362,309,286,341,480,355,367,256,378,387
7,1,371,450,484,388,177,245,72,450,503,528,407,524,366,533,317,496,315,391,319,536,569,636
6,1,405,454,388,506,413,217,335,564,264,452,304,370,651,484,466,424,310,479,463,670,454,306
6,1,401,450,359,593,441,451,430,376,502,442,463,405,354,327,437,594,404,306,426,457,404,236
7,0,383,309,479,312,522,282,303,509,384,396,466,166,558,271,344,324,443,237,541,306,273,271
7,0,403,349,390,162,280,167,453,489,423,332,457,421,384,422,486,299,420,179,333,307,471,460
7,1,362,450,311,417,372,470,300,567,493,402,206,383,419,334,334,525,326,493,549,532,432,352
7,0,402,349,336,412,357,610,510,241,317,222,321,434,385,489,395,470,348,407,454,423,266,344
6,0,353,350,482,287,397,313,455,353,354,379,303,377,243,345,352,470,456,391,342,443,309,241
7,0,383,312,454,399,457,451,492,241,348,226,315,273,236,421,369,320,366,385,365,262,450,370
6,0,412,350,347,322,527,382,297,332,379,240,346,206,353,167,230,102,294,659,469,376,509,308
6,0,408,350,438,106,321,309,632,269,437,359,360,500,543,308,176,502,386,298,302,485,313,169
7,1,435,450,473,336,470,401,592,372,374,534,403,597,397,448,319,464,358,428,294,482,357,421
6,0,410,350,374,433,394,431,386,401,473,395,361,295,227,406,245,552,356,306,421,308,440,264
6,0,384,350,490,327,385,385,437,428,356,392,231,358,383,316,377,416,488,338,530,313,361,262
7,1,387,450,285,475,371,543,326,547,207,349,451,532,202,318,522,410,104,614,256,363,290,578
6,1,392,460,219,360,275,408,344,461,443,424,337,332,557,421,426,488,332,397,287,549,338,570
6,0,419,350,335,185,345,234,358,238,291,404,308,425,491,505,499,518,397,407,428,321,634,327
6,1,386,476,295,475,498,351,548,368,449,429,475,403,526,449,385,518,321,439,401,518,279,421
7,0,410,335,493,348,399,339,382,229,348,424,337,414,360,297,402,138,371,347,413,289,587,534
6,1,391,462,273,550,542,521,409,313,398,422,224,533,225,469,389,416,499,538,338,414,437,446
6,0,353,350,472,384,419,256,519,374,416,470,387,466,444,439,394,157,386,242,352,324,394,364
7,0,383,310,226,321,449,321,660,416,405,243,433,235,451,271,455,241,350,272,467,344,450,274
6,1,388,471,323,420,326,525,520,608,493,699,498,584,302,590,435,465,239,324,436,327,549,619
6,1,386,476,542,532,399,394,235,491,236,231,439,520,348,398,380,651,399,409,548,522,453,383
7,1,387,450,427,420,351,346,403,570,452,414,409,593,449,361,473,556,474,411,641,648,345,431
6,0,439,350,462,573,358,350,572,296,339,186,473,162,385,379,411,248,420,517,344,271,343,467
7,0,404,348,588,221,406,347,411,171,530,344,422,298,215,353,498,520,420,407,492,96,390,305
6,1,387,472,400,431,466,352,418,475,324,327,339,484,409,435,384,458,444,523,308,487,460,407
6,0,385,350,250,294,263,310,342,409,528,272,448,424,415,313,522,325,491,241,480,201,527,360
7,0,403,349,306,308,483,455,298,458,169,350,747,416,408,304,352,427,506,267,389,307,372,314
7,0,404,347,284,283,323,408,572,215,424,350,409,209,480,185,508,306,346,218,345,269,273,352
6,0,366,350,333,297,352,349,277,554,272,405,377,260,323,380,470,334,379,520,438,369,349,273
6,0,358,350,325,562,361,514,305,275,257,483,292,407,564,352,201,230,465,419,496,358,391,289
6,0,400,350,394,264,484,347,260,518,450,239,384,518,602,245,374,537,463,384,463,230,371,301
6,1,389,465,203,481,519,356,319,443,389,465,425,481,272,601,505,577,557,417,401,616,375,500
7,1,380,450,425,483,356,380,411,464,355,605,296,444,322,498,411,473,235,396,470,397,466,463
7,0,387,327,518,356,322,400,461,376,421,86,407,394,303,385,352,294,308,384,434,536,568,369
6,0,440,350,441,521,354,350,295,469,558,325,430,510,427,114,466,363,484,396,482,303,183,292
6,0,401,350,279,397,359,304,397,356,385,400,504,282,533,230,301,270,327,376,325,268,317,328
7,0,406,346,412,401,248,359,499,238,288,245,437,403,202,480,128,548,468,289,444,419,251,315
6,1,411,468,413,554,588,662,368,389,290,476,346,492,495,468,470,490,580,567,448,491,541,378
7,1,358,450,413,414,426,356,400,374,256,339,175,415,408,640,261,295,251,496,174,449,287,524
6,1,412,471,225,407,458,389,474,463,240,593,408,285,484,522,392,451,713,459,435,400,446,530
7,0,414,325,369,436,494,235,358,152,392,463,391,317,617,343,445,252,352,6,483,211,394,221
6,1,408,460,452,597,520,352,489,493,439,389,430,497,391,373,286,485,133,404,410,461,519,494
6,0,358,350,219,298,483,300,403,271,343,297,296,289,289,471,302,300,419,413,304,311,429,379
6,1,407,457,459,425,372,348,259,393,213,395,456,392,511,491,319,437,483,291,248,488,140,553
6,1,391,462,445,727,419,423,315,382,310,316,215,337,530,426,391,319,241,473,401,422,476,525
7,1,404,450,326,449,230,363,469,636,464,390,270,507,345,265,252,406,231,407,421,330,484,507
6,1,393,457,319,541,511,623,388,549,383,453,475,408,424,499,569,656,539,379,128,544,451,426
7,1,388,450,430,512,483,428,358,467,492,478,364,451,357,538,457,483,423,427,461,593,362,669
7,0,398,349,429,515,193,373,354,280,574,267,278,377,409,209,426,416,371,400,270,477,166,361
7,0,385,320,605,425,301,411,472,235,431,70,319,454,397,270,440,492,593,265,149,139,552,481
7,1,375,450,544,474,403,599,495,378,511,351,364,311,384,415,317,437,372,531,255,356,327,329
6,0,402,350,366,293,484,436,526,183,600,360,553,377,317,510,375,397,372,435,433,294,479,489
6,0,406,350,522,492,521,351,496,349,499,410,466,364,512,309,357,302,271,317,443,422,182,420
7,0,403,348,285,476,460,525,379,269,308,396,364,447,506,317,485,414,620,298,398,509,503,378
7,1,402,450,238,354,325,472,522,487,505,335,365,491,259,334,524,427,342,463,419,553,315,527
7,0,397,349,395,187,488,370,319,126,494,317,284,220,409,286,260,407,418,422,272,370,373,322
7,0,401,350,237,427,239,231,390,356,261,514,467,147,409,464,625,338,503,414,321,349,381,524
6,1,402,451,376,431,564,331,212,455,405,484,307,537,482,506,640,458,421,400,551,284,368,392
6,0,368,350,350,352,309,316,324,137,365,298,415,270,412,387,182,342,264,394,292,417,316,383
7,1,431,450,534,359,152,429,355,439,233,686,467,424,718,377,525,378,286,509,235,304,388,567
6,1,398,450,387,435,338,451,358,618,403,585,412,718,451,382,419,469,332,384,437,515,388,504
6,0,364,350,393,380,409,438,320,413,517,575,458,507,425,334,314,297,369,534,295,421,352,384
6,1,411,466,580,513,414,566,266,368,305,462,465,639,459,591,527,318,479,493,298,426,306,572
7,1,355,450,366,279,225,226,335,189,429,411,342,451,128,446,394,513,234,454,339,566,400,443
7,0,401,350,569,241,488,350,469,196,263,333,511,390,443,437,182,419,414,407,508,282,391,353
6,1,409,460,348,594,633,479,396,677,243,480,264,442,504,479,535,598,540,456,375,423,434,408
7,0,412,328,269,276,413,241,473,94,332,429,404,312,210,293,517,432,317,376,417,302,586,192
7,1,358,450,435,630,318,467,652,508,364,464,463,645,357,332,208,528,327,290,301,313,233,561
7,1,388,450,470,500,215,555,242,442,440,553,399,505,452,408,249,617,302,444,408,551,529,429
7,1,433,450,516,492,430,334,216,507,730,240,550,534,345,571,352,352,458,402,296,591,431,644
7,1,396,450,562,657,451,384,247,587,547,446,431,553,179,398,319,492,617,418,495,448,566,472
7,1,412,450,300,437,439,581,409,512,350,254,298,352,373,419,456,510,424,547,208,479,445,570
6,1,399,450,430,471,597,233,399,507,371,417,507,316,361,277,334,567,446,600,269,615,491,551
7,0,389,335,442,309,337,291,359,305,426,361,335,206,207,171,382,211,434,463,227,416,334,337
6,1,407,457,333,519,484,478,453,342,359,291,527,471,455,518,409,434,602,685,395,467,191,425
7,1,382,450,638,478,383,420,408,550,256,381,325,484,184,431,265,518,361,610,427,468,385,469
6,1,389,467,245,489,566,483,312,456,188,396,245,657,370,451,308,682,458,410,581,512,550,395
7,1,449,450,678,435,530,329,363,346,381,490,417,457,417,375,480,153,269,386,470,606,380,505
6,0,422,350,362,456,375,490,342,389,362,521,476,253,532,317,457,324,498,340,419,271,376,328
7,1,444,450,565,362,459,358,317,484,407,393,665,446,405,431,489,539,528,507,449,498,407,462
7,1,440,450,434,526,429,256,478,378,484,337,426,458,168,542,363,513,245,464,487,368,385,422
7,0,391,338,554,344,247,411,443,243,430,258,650,319,119,551,411,338,341,288,487,180,372,434
6,1,404,452,457,453,439,542,537,428,433,557,496,349,275,494,321,519,454,560,523,433,366,314
7,1,353,450,471,474,547,407,265,405,309,386,281,542,360,272,232,484,382,416,426,490,340,359
7,0,406,346,297,336,490,244,368,401,426,426,292,456,495,389,343,260,250,321,538,358,436,329
6,0,400,350,435,620,258,506,408,251,316,375,463,355,329,491,560,134,385,258,262,428,512,289
6,0,444,350,610,230,558,252,556,550,547,222,361,383,416,209,451,244,516,371,367,171,398,474
7,0,405,346,316,195,504,341,428,306,480,450,412,330,328,395,280,231,508,283,403,497,474,280
7,1,357,450,377,463,398,380,293,458,302,436,331,419,575,613,243,458,331,343,285,509,261,442
7,0,401,350,346,281,390,391,412,464,544,244,575,477,488,412,462,333,342,186,399,374,597,406
6,1,384,484,198,388,310,515,488,370,467,499,386,514,458,316,441,404,391,525,255,567,397,519
7,1,403,450,383,354,288,370,513,542,370,438,458,533,309,422,413,502,389,488,579,506,290,516
7,1,405,450,508,352,385,539,522,491,454,436,391,572,384,399,252,399,332,492,220,416,434,365
6,0,386,350,298,371,406,533,271,310,419,521,496,306,342,249,654,215,297,247,348,396,325,104
6,0,399,350,451,180,354,337,410,446,319,267,360,244,401,298,619,296,408,231,272,140,296,286
7,0,414,322,545,215,583,269,473,414,352,394,308,316,474,365,357,502,301,320,665,392,606,318
6,0,416,350,268,245,247,377,606,428,357,214,320,499,399,126,288,224,333,379,342,239,342,518
6,1,400,450,493,294,429,386,500,449,489,309,419,267,555,476,282,285,343,444,362,532,272,484
7,1,387,450,527,422,301,383,251,544,323,526,357,584,366,436,418,460,479,123,472,306,466,437
6,1,401,450,566,405,444,452,503,455,374,341,485,471,466,300,500,548,433,424,577,523,553,676
6,1,409,461,482,594,387,446,369,391,317,396,347,448,553,351,517,422,454,431,298,422,384,527
6,1,391,462,418,504,395,541,384,441,545,446,214,403,431,316,418,471,465,499,677,437,397,414
6,0,421,350,421,476,443,311,594,328,242,235,474,207,497,398,290,197,210,156,480,373,435,439
7,1,386,450,419,566,447,480,301,597,393,606,454,478,316,544,343,385,391,459,315,408,249,695
7,0,404,347,490,283,562,387,477,266,183,373,287,360,364,321,308,172,310,246,491,410,390,434
7,0,382,305,370,304,581,521,247,276,449,454,296,431,479,278,329,216,367,266,521,471,201,245
7,0,395,346,320,330,320,341,496,389,235,316,483,215,357,259,396,404,344,609,338,462,389,474
6,1,407,456,338,458,348,333,172,369,484,615,336,266,411,524,481,456,377,557,587,589,540,469
7,0,414,324,454,480,383,406,294,323,474,218,312,253,285,143,645,366,463,580,475,206,438,246
6,1,411,467,345,441,406,693,457,452,533,494,541,513,490,456,478,523,319,573,255,610,480,620
7,0,412,329,364,193,300,293,400,319,399,420,508,508,377,440,460,310,361,453,362,361,429,340
7,0,394,345,434,547,327,339,334,220,610,341,410,251,389,360,307,232,416,488,503,261,410,281
7,1,424,450,506,447,457,367,442,247,427,315,573,494,391,557,374,341,544,401,566,442,301,349
7,0,400,350,328,366,294,281,506,326,358,385,291,439,394,366,428,350,531,314,459,598,481,221
6,0,442,350,339,418,419,630,485,320,554,284,344,382,478,403,504,455,486,472,560,229,381,204
6,1,408,459,552,371,540,373,578,697,487,528,423,347,310,345,562,509,428,461,275,582,357,381
6,0,439,350,528,289,215,242,506,319,462,532,511,413,424,267,361,225,530,203,384,375,379,444
6,1,386,477,334,578,374,417,356,474,486,666,357,543,366,429,446,465,541,504,531,451,287,304
6,0,369,350,266,243,315,321,284,499,270,357,316,263,382,425,540,472,321,373,183,491,257,485
7,1,363,450,374,313,322,480,336,424,300,423,553,307,458,437,275,347,300,558,503,404,388,572
7,0,392,341,420,441,396,332,432,570,299,178,424,373,615,327,363,243,354,452,478,340,431,350
6,0,390,350,375,253,405,458,282,311,435,495,385,386,334,473,265,498,318,334,205,551,364,347
6,1,406,454,365,471,559,419,580,390,410,489,434,599,498,367,334,467,302,556,547,356,613,479
7,1,429,450,486,456,411,355,456,308,410,632,488,228,472,323,240,481,241,471,430,503,174,329
7,0,393,343,355,375,336,392,423,240,470,526,392,457,455,225,585,369,435,327,374,372,546,291
7,0,389,332,161,384,520,336,415,441,297,466,249,254,324,259,282,459,166,557,298,238,355,531
6,1,412,471,497,585,377,524,327,550,445,370,565,413,385,374,318,453,363,308,228,363,481,644
6,1,406,455,501,405,285,473,344,668,296,452,298,571,448,444,588,357,555,538,490,376,496,301
6,1,395,454,527,519,440,415,343,387,473,415,489,348,376,442,425,454,370,472,292,533,403,445
6,0,449,350,463,300,472,464,532,331,332,458,310,327,319,324,523,512,519,513,393,437,405,403
7,1,412,450,535,531,507,414,198,248,605,495,417,447,455,487,344,382,551,428,338,552,280,509
6,1,385,483,653,533,259,400,447,442,303,567,233,565,361,635,333,298,340,526,305,563,423,458
6,1,383,488,468,370,286,463,217,370,386,681,416,539,488,470,375,391,544,410,419,560,497,341
7,0,388,331,399,272,358,324,393,335,304,284,391,390,447,415,312,224,200,270,405,364,238,356
7,1,446,450,502,402,480,345,565,356,367,563,464,574,311,438,542,415,497,389,499,519,424,381
6,0,389,350,492,215,270,244,421,257,443,401,484,330,322,451,444,389,325,279,314,176,157,358
7,1,391,450,576,326,294,489,394,478,230,453,274,412,478,585,319,389,282,476,373,484,265,426
6,1,413,473,407,334,476,549,345,290,355,465,208,552,363,439,398,531,387,421,388,332,210,440
7,1,402,450,290,478,314,489,561,600,342,444,384,551,333,214,223,629,237,577,359,452,351,443
6,1,398,450,432,341,549,263,462,443,350,384,437,516,407,298,443,500,411,439,305,443,431,451
7,1,382,450,577,502,226,441,518,598,251,465,489,451,322,585,379,419,202,470,373,608,226,538
6,1,407,456,429,678,351,392,380,488,471,360,401,584,458,491,362,476,241,425,513,423,363,525
7,1,387,450,233,458,345,484,338,429,257,305,521,453,227,600,374,596,391,304,374,467,343,476
6,0,386,350,379,457,399,471,177,397,369,308,288,355,208,228,300,382,691,247,243,556,269,204
7,1,447,450,474,533,494,423,529,494,608,416,533,322,481,348,394,383,344,496,382,376,610,388
6,0,403,350,316,309,434,338,428,340,523,410,455,277,520,469,433,173,344,130,580,440,379,400
7,1,392,450,407,421,591,536,399,451,271,415,625,657,168,427,572,436,518,729,325,279,554,591
7,1,426,450,463,614,503,399,333,538,392,586,424,502,342,411,393,454,413,467,286,586,454,359
6,1,393,458,408,603,512,289,211,301,462,440,383,373,518,557,399,510,492,494,428,308,401,375
6,0,411,350,437,266,560,256,445,375,303,321,612,380,297,241,518,530,383,274,326,378,311,405
7,0,389,332,240,248,447,428,284,269,391,257,522,426,381,408,638,400,473,330,331,154,415,584
6,1,396,452,324,503,331,399,417,434,408,543,347,452,468,249,473,423,325,607,444,403,440,449
6,1,415,481,371,588,288,464,295,552,349,371,330,382,383,539,364,418,349,455,320,326,539,413
7,0,398,349,292,398,440,363,480,573,474,455,406,257,306,400,497,452,272,488,485,475,372,257
7,1,406,450,182,200,216,412,574,500,214,558,467,545,171,307,407,513,539,480,284,500,248,631
6,0,441,350,475,385,574,292,420,244,357,595,492,440,363,469,466,390,449,301,336,357,355,296
7,1,352,450,361,384,403,489,276,333,9,507,321,434,275,62,414,591,485,418,303,487,501,639
7,1,368,450,271,412,251,386,478,398,421,379,552,394,256,385,326,493,389,458,204,460,392,351
6,1,398,451,498,467,208,384,357,512,543,646,387,428,317,513,471,295,242,445,426,285,397,202
7,1,378,450,372,516,308,319,376,529,393,468,297,407,333,373,402,544,262,447,322,575,456,494
7,1,378,450,330,516,633,481,324,308,395,594,440,573,414,429,574,570,394,384,321,499,151,404
6,1,391,460,410,441,351,570,559,376,325,517,380,386,456,480,354,628,313,625,241,506,79,512
7,0,386,321,344,441,475,300,553,275,167,241,522,577,425,309,325,167,472,347,488,291,369,205
6,0,366,350,222,309,444,260,458,453,486,227,240,423,306,368,344,384,180,367,380,298,186,381
6,1,394,454,479,468,215,526,500,462,363,486,428,404,408,601,180,498,579,561,213,330,457,575
7,1,368,450,343,407,548,388,274,355,190,336,230,421,254,271,476,654,291,551,385,367,409,359
6,1,387,473,342,540,269,464,218,338,617,527,582,399,407,335,276,519,469,495,371,385,354,472
6,0,364,350,384,347,274,135,326,401,393,378,418,367,355,432,167,456,342,397,207,235,318,252
6,0,382,350,290,150,360,395,511,545,346,124,475,260,278,261,438,394,362,400,411,160,318,290
6,0,419,350,477,381,292,14,465,339,363,287,407,407,266,368,237,485,329,408,519,362,513,223
7,1,362,450,108,527,321,470,409,503,448,468,457,490,271,501,196,541,408,253,485,331,319,442
7,1,404,450,412,598,443,281,598,450,305,362,402,322,362,442,556,451,359,400,547,499,329,411
7,0,395,346,574,265,217,266,248,332,337,307,445,213,411,137,459,326,417,87,412,280,273,270
7,1,394,450,299,356,453,664,342,511,154,462,468,395,404,430,492,547,348,400,525,496,508,361
6,1,418,494,272,497,450,513,218,456,444,611,185,385,421,514,353,575,465,393,403,725,502,520
7,0,410,335,397,220,493,409,536,427,351,203,421,375,457,282,321,381,407,513,257,454,343,562
6,0,356,350,357,649,401,281,316,285,437,397,397,216,340,389,355,324,440,498,188,424,343,444
6,1,390,463,216,422,371,560,536,283,416,223,316,482,464,486,410,414,531,611,378,429,511,467
7,0,386,324,273,480,189,387,419,256,313,279,265,116,455,280,618,488,202,365,327,251,383,349
7,1,403,450,542,317,434,231,271,423,411,334,319,495,405,346,351,504,308,681,227,353,485,296
7,1,388,450,419,485,300,493,355,446,365,398,458,525,544,389,490,410,319,448,159,411,408,490
7,0,406,345,247,220,422,320,435,153,462,182,427,406,473,424,450,473,436,310,368,279,395,371
7,1,416,450,424,357,449,481,408,598,415,473,517,542,294,343,558,407,397,504,451,501,448,553
7,1,391,450,487,550,365,523,314,728,586,475,547,494,341,435,169,562,329,518,431,334,431,540
6,0,416,350,413,319,316,353,294,207,384,290,492,374,296,303,565,434,528,218,378,57,320,95
6,1,406,455,382,335,507,475,502,355,522,365,365,336,481,488,322,477,398,509,461,346,381,576
7,0,398,350,424,440,267,207,517,502,380,374,439,334,429,407,356,264,408,486,355,246,355,404
6,1,418,494,486,553,343,498,516,428,380,748,376,704,442,522,390,573,615,462,336,443,494,337
6,0,356,350,252,353,343,532,180,380,258,307,313,299,373,334,226,286,87,367,168,149,593,360
6,1,390,465,416,503,516,534,565,338,499,388,323,360,502,498,496,503,320,277,356,524,326,493
6,0,366,350,323,157,494,468,267,475,122,322,430,590,659,336,409,378,356,397,401,458,276,406
7,1,395,450,498,565,318,368,284,505,454,523,247,449,391,473,361,469,232,576,366,299,319,515
6,1,418,494,341,474,403,463,437,429,487,526,344,468,395,511,301,339,563,549,567,504,300,486
7,0,383,309,369,362,446,204,329,497,273,239,404,235,325,224,442,164,438,441,328,276,464,526
6,1,383,491,420,377,534,494,501,459,296,403,301,508,286,416,403,340,465,654,505,601,471,471
7,0,398,350,286,332,318,427,378,413,516,257,378,396,563,362,544,438,544,260,334,349,516,515
7,1,381,450,312,678,400,582,385,334,533,468,264,512,292,332,377,381,353,452,499,484,495,459
7,1,356,450,354,400,386,485,187,424,222,283,340,505,193,429,404,542,469,575,490,406,273,474
6,0,385,350,398,219,321,403,518,438,227,266,414,307,425,372,262,479,330,485,209,466,344,482
7,1,356,450,310,598,421,433,400,415,308,513,298,448,431,608,360,541,436,653,223,390,468,354
7,0,404,348,396,454,510,393,325,197,459,583,513,495,452,242,348,347,410,261,473,381,383,331
7,1,380,450,441,503,242,309,491,670,150,409,453,573,255,480,392,386,271,366,411,522,176,364
7,1,415,450,542,462,225,374,558,304,220,496,448,350,309,421,436,681,394,364,482,538,325,608
7,0,395,347,372,406,354,514,361,375,277,253,406,348,389,436,681,242,157,328,392,330,551,349
7,0,385,320,289,224,352,616,253,372,423,384,500,258,573,355,480,377,529,201,241,365,486,319
7,0,395,347,348,292,176,171,521,172,543,355,278,289,435,259,469,381,337,343,263,502,381,294
6,1,402,450,320,439,471,427,371,361,369,316,336,360,494,412,423,414,446,484,272,326,431,399
6,0,400,350,211,334,371,214,481,479,394,509,331,508,356,348,366,243,426,158,421,313,519,552
7,1,358,450,339,511,533,386,369,328,385,612,237,440,616,528,337,621,150,454,544,393,217,442
7,1,442,450,270,509,250,423,622,328,537,676,586,581,480,420,288,433,351,390,410,574,382,437
6,1,416,488,535,576,505,438,419,515,352,459,399,450,288,409,277,739,377,618,496,336,510,233
7,0,391,339,477,298,354,246,323,233,512,516,261,216,440,269,341,455,256,262,300,312,206,359
7,1,422,450,530,438,394,296,486,595,565,305,371,390,356,406,566,466,333,400,387,245,243,603
6,1,383,488,365,343,330,541,358,591,518,443,325,769,485,509,505,523,267,335,261,478,473,485
7,0,409,338,414,490,355,462,276,323,447,249,459,222,493,242,457,407,531,351,447,385,595,340
7,0,398,349,459,234,283,329,330,475,447,220,490,235,651,439,472,354,292,403,542,531,429,276
6,1,388,469,371,445,494,414,264,305,442,539,561,489,464,417,195,468,355,504,475,504,472,367
7,0,386,322,119,169,206,343,378,375,308,310,357,329,338,322,495,147,445,347,320,205,381,233
7,0,409,338,299,530,410,209,434,455,486,336,386,489,521,357,496,426,579,367,416,392,380,431
6,0,393,350,371,402,426,338,248,112,325,234,342,303,212,296,341,448,370,454,610,440,352,402
7,0,399,350,300,387,361,468,610,352,370,388,204,438,469,570,330,298,400,284,611,278,333,369
6,1,413,475,210,494,449,514,484,369,457,372,364,528,392,545,250,613,344,496,501,548,555,414
6,1,411,466,226,591,531,394,476,423,511,503,216,597,457,605,367,369,454,546,577,316,508,428
6,0,437,350,364,206,569,330,516,154,303,372,464,371,355,330,370,107,410,200,429,189,464,419
7,1,412,450,361,377,455,453,502,382,471,434,463,583,314,420,299,516,537,624,438,486,447,505
6,1,387,473,260,543,519,585,435,500,406,604,397,421,462,414,383,436,334,614,465,383,386,565
6,1,404,452,338,417,357,510,480,333,337,373,422,493,444,391,495,412,499,517,301,342,603,440
7,0,394,344,359,315,434,422,492,330,426,239,306,415,279,472,416,409,584,322,522,309,453,363
6,1,400,450,545,476,400,407,543,427,463,317,396,405,322,433,419,592,328,443,363,349,534,331
6,1,385,480,503,469,459,489,306,368,391,484,287,481,453,542,465,539,382,512,455,403,411,542
7,1,405,450,433,406,471,509,511,533,397,450,276,472,332,295,307,381,311,381,468,455,284,503
6,0,419,350,528,235,450,326,496,237,653,242,240,553,413,420,296,563,326,584,229,275,125,359
7,1,358,450,160,397,338,565,506,309,379,534,400,369,543,526,302,451,305,451,408,518,399,632
6,0,369,350,256,419,538,114,473,398,342,363,228,263,482,450,222,218,485,503,415,179,298,341
7,1,415,450,364,412,512,383,617,550,491,522,287,387,290,255,480,648,380,569,331,505,199,325
7,0,396,348,478,416,322,454,530,286,387,263,592,419,452,399,435,372,460,334,189,325,306,251
7,1,359,450,252,393,334,423,446,532,282,442,380,373,323,484,230,511,421,361,371,400,351,401
7,1,431,450,499,531,518,459,475,539,503,241,641,391,343,373,364,555,404,374,488,364,353,422
6,0,375,350,521,381,474,291,371,355,379,170,361,171,382,315,434,398,269,495,382,425,508,361
7,0,417,309,446,366,274,227,503,204,382,285,310,516,408,416,430,221,504,445,445,366,362,378
6,0,445,350,397,200,393,421,576,213,326,429,340,446,466,391,546,334,770,247,459,242,183,419
6,1,406,456,684,434,479,469,361,267,520,520,361,451,493,365,313,646,447,518,399,415,463,469
6,0,422,350,478,472,460,247,466,334,409,265,532,390,462,238,475,463,509,429,475,380,394,384
7,0,393,343,413,369,386,318,323,312,407,365,93,386,335,228,495,470,537,333,363,421,233,367
7,0,394,344,467,532,305,203,275,352,375,370,485,350,380,266,322,292,178,300,417,397,339,534
6,0,354,350,271,366,310,255,284,474,324,339,337,327,246,354,398,460,361,206,292,265,394,353
7,1,368,450,288,474,498,456,247,386,473,470,413,444,348,458,220,441,416,389,395,296,241,476
6,0,409,350,315,423,371,373,422,512,265,100,571,426,271,226,326,381,451,476,470,406,208,411
7,1,366,450,369,458,211,437,507,436,512,477,416,534,424,396,426,290,456,319,351,410,365,355
7,1,409,450,297,452,226,457,431,528,243,338,363,580,309,505,325,494,552,425,454,579,311,444
6,0,430,350,492,318,513,288,161,346,444,277,459,292,467,346,422,257,402,454,322,450,470,120
7,1,430,450,401,415,437,486,546,356,488,423,541,329,413,400,332,299,561,458,527,287,284,470
7,1,404,450,419,347,342,518,354,439,544,433,432,530,337,520,365,440,350,334,289,516,463,569
6,1,400,450,433,516,303,442,453,323,468,450,235,582,699,625,432,390,174,558,525,478,267,749
7,0,390,336,379,315,315,199,203,277,449,224,455,561,454,319,302,461,251,382,320,352,585,333
7,0,387,328,369,293,371,315,631,349,782,260,506,324,422,420,271,386,277,309,436,439,267,414
6,0,448,350,461,89,536,208,426,476,436,149,365,517,406,500,543,337,468,379,398,394,498,331
7,1,402,450,458,162,351,557,473,474,298,467,484,525,222,549,264,281,467,450,599,439,436,446
6,0,436,350,439,425,566,326,394,227,313,324,257,364,439,437,258,179,417,483,387,347,354,177
7,1,412,450,257,375,218,481,376,533,442,580,412,338,445,301,401,463,524,441,328,470,347,334
6,1,397,451,468,434,434,285,398,429,461,348,515,424,441,222,435,338,221,492,464,372,340,355
6,1,405,453,567,372,593,474,526,428,561,464,488,486,457,534,310,529,365,358,395,531,499,518
7,1,403,450,458,439,440,412,390,530,456,512,446,549,435,446,267,451,629,475,324,331,440,439
6,1,385,481,361,409,314,504,356,486,335,295,512,545,450,255,273,500,392,558,516,397,375,554
6,0,434,350,276,270,592,333,541,386,420,413,615,371,307,326,386,338,394,356,244,312,474,460
7,1,382,450,236,402,464,435,382,588,419,325,355,542,460,515,423,576,224,494,351,543,613,371
7,0,412,329,286,359,549,299,467,243,470,288,455,485,291,363,495,401,482,323,423,219,430,251
7,0,409,339,437,233,433,426,553,407,323,385,398,346,478,419,361,159,349,362,449,227,282,290
6,0,414,350,368,449,583,205,446,430,590,353,349,558,427,378,331,398,402,252,538,267,408,402
6,0,353,350,179,182,600,521,363,432,453,421,415,385,359,427,350,247,332,292,447,311,581,278
7,0,410,337,381,299,312,466,413,311,393,423,526,275,510,259,396,153,464,348,453,468,248,421
7,0,386,322,384,398,398,557,411,300,479,201,365,452,557,242,268,287,559,420,288,379,379,344
6,0,414,350,431,360,432,441,358,547,245,226,435,443,396,367,531,317,464,162,250,420,278,440
7,0,391,338,394,363,387,284,295,291,466,282,485,477,431,293,488,275,421,158,255,250,390,384
6,1,410,463,379,603,436,476,401,513,227,592,377,448,220,339,338,353,283,439,579,448,110,591
7,1,367,450,409,429,362,496,418,492,396,392,135,360,343,526,523,536,197,300,353,364,543,550
6,0,427,350,545,240,604,331,199,449,383,172,497,158,298,367,174,184,330,337,270,475,354,304
7,1,376,450,494,456,392,301,370,362,387,413,231,495,522,424,563,397,338,307,584,441,377,512
7,1,358,450,277,731,281,546,333,388,424,473,160,550,171,425,248,495,202,667,358,652,513,305
6,1,397,451,432,517,402,566,511,585,525,501,357,426,421,367,99,451,322,364,390,468,476,604
7,0,408,341,359,372,454,357,527,318,431,305,469,309,398,331,577,342,373,345,289,351,499,234
6,0,357,350,337,359,287,344,293,327,183,401,538,486,273,253,196,500,338,432,349,308,491,346
6,1,401,450,419,426,288,611,223,426,445,498,392,286,438,337,261,335,372,525,440,316,478,418
7,0,417,309,567,389,238,386,242,398,270,233,517,261,447,357,425,440,333,203,671,457,289,271
7,1,369,450,291,614,413,519,388,379,468,608,373,516,304,524,392,313,368,231,421,465,458,293
6,1,414,478,427,536,448,389,244,536,478,436,514,392,321,607,440,400,365,465,417,255,559,607
7,1,414,450,403,264,542,636,272,582,591,423,527,473,380,336,461,746,386,556,574,459,362,324
6,1,414,478,524,486,264,417,442,503,511,473,324,525,452,493,447,542,471,528,601,517,423,345
7,0,418,305,450,491,397,424,327,373,513,250,415,167,392,241,499,139,290,216,306,273,426,256
6,1,408,460,303,283,305,579,302,362,511,470,576,539,212,589,479,443,325,515,212,519,286,407
6,0,439,350,404,440,414,293,407,344,476,395,377,239,501,269,405,470,563,376,430,294,341,404
7,1,353,450,198,516,386,638,410,555,333,461,209,636,394,370,451,478,337,506,466,446,433,492
6,0,382,350,331,332,408,405,366,571,201,249,227,559,516,568,545,488,357,335,367,330,416,520
7,0,400,350,315,461,216,324,350,328,484,371,306,170,461,284,608,149,412,423,286,284,415,426
6,0,377,350,331,384,455,232,421,354,301,282,308,340,301,401,458,584,209,320,446,478,292,370
6,0,381,350,254,462,333,212,237,377,328,252,339,411,506,312,280,443,308,250,375,387,472,524
6,0,365,350,366,264,299,339,427,289,336,324,264,508,413,366,551,482,358,396,432,534,429,350
6,1,401,450,603,261,475,477,586,533,196,497,466,553,443,444,353,189,464,480,547,538,204,414
7,1,411,450,371,388,375,442,474,565,547,578,499,344,247,678,286,464,297,511,446,421,279,306
7,0,410,337,439,360,438,507,451,363,413,309,377,224,390,246,583,216,429,261,344,264,411,391
6,0,367,350,290,302,412,545,545,377,230,256,463,423,200,278,369,593,396,345,307,378,394,320
7,0,391,340,292,417,373,271,316,410,355,251,506,491,395,334,354,446,329,365,386,484,470,312
7,1,370,450,489,257,274,300,394,530,379,421,392,402,160,701,309,495,452,554,399,314,370,482
7,1,423,450,350,557,419,430,474,436,562,454,377,390,403,513,339,423,480,496,515,440,398,531
7,1,421,450,404,444,300,479,568,427,584,602,506,508,271,490,475,447,337,506,413,636,312,428
6,1,400,450,371,437,401,513,543,467,458,304,304,459,324,590,391,322,460,444,469,418,397,460
6,1,384,484,486,487,355,378,308,351,389,414,375,553,527,579,358,546,352,337,378,419,282,624
7,0,385,317,371,297,263,307,386,403,544,240,241,373,386,472,430,263,393,377,422,352,289,364
7,1,351,450,451,406,497,359,206,236,316,305,361,414,153,404,311,470,387,636,490,201,334,691
7,0,416,316,390,381,244,224,197,181,273,361,219,343,295,205,317,417,357,373,708,239,461,413
6,0,415,350,445,489,381,480,421,303,352,376,449,213,282,215,440,485,619,143,335,540,414,299
7,0,397,349,474,229,393,374,330,391,527,348,256,278,386,222,250,417,280,300,268,340,498,257
7,0,405,346,493,199,307,393,307,234,357,236,457,279,306,270,331,471,305,381,419,382,438,365
6,0,367,350,264,320,398,399,506,401,162,467,318,569,340,273,315,528,320,443,456,323,330,368
6,1,393,456,169,543,419,497,371,378,532,351,386,532,426,408,396,534,368,604,461,365,368,449
7,0,388,330,359,302,471,327,302,309,555,423,590,297,453,299,293,214,369,242,284,396,387,341
7,1,447,450,343,599,533,367,436,565,428,600,570,647,389,536,454,516,510,297,408,507,514,332
7,1,420,450,515,533,511,571,391,434,328,702,441,271,384,594,240,516,496,539,257,452,506,413
6,0,435,350,378,333,415,275,447,544,713,412,523,548,567,344,316,418,358,368,269,427,394,502
7,0,401,350,472,317,305,413,419,426,496,392,368,444,239,336,265,375,632,405,347,355,481,286
6,1,386,478,301,682,423,434,351,583,244,562,444,422,225,519,359,510,464,463,304,496,385,459
6,0,366,350,448,313,243,389,486,395,392,313,468,340,484,357,307,296,485,416,532,270,341,483
7,0,402,350,387,386,370,423,444,290,404,468,380,434,444,239,344,271,362,248,452,329,313,376
7,0,404,347,551,478,414,170,460,469,529,431,286,340,201,385,409,305,277,452,469,349,408,233
6,1,405,453,459,304,335,326,238,472,461,445,215,201,435,368,378,463,464,576,473,331,422,305
7,0,397,349,518,540,319,294,350,507,557,322,408,331,564,230,450,492,377,323,371,379,247,460
7,0,390,335,503,491,387,271,489,303,283,412,417,546,228,267,515,294,447,170,367,332,374,252
7,1,406,450,142,326,550,454,310,543,404,493,471,409,303,299,445,461,373,358,414,552,392,433
7,1,357,450,122,432,186,290,495,541,418,399,365,596,412,435,305,457,309,180,413,436,547,533
7,1,373,450,523,506,486,227,417,455,390,357,132,545,438,425,308,624,641,389,391,512,433,481
6,1,411,466,516,509,474,451,406,373,357,591,310,473,564,539,576,458,491,413,404,552,313,517
6,0,399,350,405,457,529,275,635,203,580,331,332,380,658,361,305,234,362,392,379,524,368,388
7,1,410,450,467,379,540,334,526,463,377,485,559,462,501,373,90,377,514,507,335,342,430,561
6,1,383,492,343,267,491,436,319,446,565,502,292,503,319,503,102,419,511,495,450,339,382,584
7,0,407,343,334,199,515,460,370,282,408,277,487,416,548,272,329,168,341,475,544,300,295,494
6,1,401,450,474,374,461,445,370,337,513,521,500,345,525,344,515,409,366,340,375,386,332,355
6,0,425,350,486,421,547,342,334,398,432,416,398,311,369,243,173,543,507,445,411,351,295,368
7,0,413,326,360,438,323,287,353,374,352,297,407,190,427,206,338,386,404,269,417,377,609,475
7,0,397,349,294,354,377,279,415,269,398,220,345,357,537,198,441,576,446,418,435,323,279,291
6,1,413,474,120,525,354,572,465,569,599,611,219,606,528,657,341,528,586,374,396,375,491,301
7,0,409,339,538,274,539,281,440,316,447,247,390,332,360,367,441,246,410,290,399,267,349,445
6,0,383,350,356,343,358,269,188,321,358,195,237,138,340,136,296,375,326,318,274,507,372,309
7,0,415,317,451,398,459,382,311,202,241,341,413,68,302,340,363,345,573,321,315,281,302,446
6,1,382,493,459,435,306,501,577,634,320,408,461,544,602,444,343,429,516,562,623,507,422,563
6,1,417,490,440,537,391,471,551,401,433,534,323,612,417,422,333,384,324,484,480,375,593,534
7,0,393,344,379,406,446,510,485,511,289,431,484,312,436,372,564,333,468,385,272,228,402,174
6,0,398,350,387,493,261,151,308,282,475,346,510,337,359,383,238,354,384,292,492,562,314,282
6,1,397,451,335,596,322,507,450,318,350,323,145,544,320,491,497,437,357,524,429,463,410,480
7,1,425,450,470,329,457,511,485,469,505,582,460,412,491,608,526,627,442,413,517,386,330,568
6,0,436,350,368,405,120,470,493,286,330,352,357,343,320,399,419,190,170,399,489,311,419,400
7,0,399,350,360,263,568,385,395,486,312,278,394,274,321,400,472,413,540,322,302,405,501,435
7,0,402,349,290,332,490,261,336,382,431,422,364,468,518,305,419,325,393,252,342,428,244,203
7,1,391,450,404,361,289,451,358,344,466,363,375,616,343,561,311,522,405,530,399,411,462,442
7,1,444,450,482,471,538,496,530,470,342,382,680,372,588,598,321,545,279,430,352,461,334,547
7,0,400,350,253,267,522,206,317,478,264,428,334,393,484,257,259,507,475,392,191,347,404,471
7,0,400,350,415,437,518,261,294,368,533,325,544,353,557,388,418,352,445,387,334,476,440,451
7,1,389,450,488,295,526,474,343,458,383,366,377,221,565,547,362,437,408,394,436,452,375,489
7,1,382,450,429,468,301,478,472,316,442,318,175,406,318,311,399,634,399,549,327,310,407,555
6,0,358,350,427,316,441,267,218,445,545,380,406,415,214,239,417,264,472,398,534,316,244,226
6,1,400,450,303,354,552,377,460,368,494,438,448,356,268,513,421,529,394,390,480,319,503,482
6,0,384,350,442,319,360,236,371,300,431,268,361,284,644,279,439,291,505,370,440,442,178,72
6,0,400,350,303,248,597,544,350,220,528,373,622,239,379,382,264,503,329,230,306,333,411,263
7,0,414,322,177,374,343,253,291,365,351,226,612,430,517,315,317,504,446,201,268,303,371,251
7,1,407,450,424,667,578,504,500,375,511,442,507,272,271,343,337,478,380,461,293,362,234,456
6,1,415,481,362,340,544,306,543,333,439,464,386,385,666,381,301,466,392,673,443,517,591,534
7,1,425,450,474,470,509,330,450,374,612,350,497,481,472,438,490,575,554,441,495,460,483,453
6,0,413,350,407,190,443,425,531,397,541,372,539,528,356,355,288,255,654,524,554,374,286,372
7,1,413,450,160,524,330,258,590,477,264,343,211,263,556,389,454,545,419,383,413,380,444,388
7,1,355,450,403,516,396,358,457,484,412,625,329,446,395,432,415,590,504,403,324,408,364,421
7,0,398,350,369,373,402,465,328,518,341,302,579,295,452,271,258,449,687,280,390,232,385,217
6,0,423,350,479,538,412,324,363,460,346,404,253,394,290,157,339,450,329,466,484,363,332,316
6,0,363,350,312,205,351,431,357,400,354,400,435,387,449,386,315,415,375,570,579,276,236,201
6,1,417,493,368,397,530,382,388,488,523,400,408,453,359,485,360,329,474,500,379,527,259,514
7,0,394,345,230,310,491,395,350,340,379,515,475,381,401,418,486,304,377,338,354,290,523,326
6,1,407,456,434,331,370,347,370,544,339,255,449,420,397,461,252,295,359,417,355,469,412,530
7,0,385,319,273,391,390,329,476,344,463,310,441,266,455,235,348,278,469,390,309,183,322,404
6,1,402,450,281,685,474,300,323,378,287,358,302,508,533,415,495,473,422,556,576,399,550,583
7,0,383,310,430,270,388,358,280,292,403,474,316,276,404,470,536,293,266,182,404,278,489,122
6,0,373,350,463,261,270,401,192,256,445,406,310,435,249,443,453,488,349,439,383,345,335,364
6,1,397,451,438,383,347,399,439,535,402,470,409,444,416,435,337,410,409,372,315,420,314,302
7,0,390,337,421,524,302,306,338,464,414,286,499,260,366,232,311,557,248,425,375,259,174,399
6,1,401,450,476,480,377,441,290,507,194,402,481,642,507,585,447,402,449,364,231,406,444,436
7,1,430,450,415,451,505,528,500,402,305,493,450,235,498,269,511,508,333,518,520,445,619,497
7,1,375,450,412,462,454,553,398,246,404,490,476,403,620,297,360,589,300,553,401,531,260,706
6,1,386,478,418,433,284,349,290,568,444,472,282,469,360,492,378,321,457,683,393,587,170,571
7,0,412,331,499,340,462,297,452,441,479,258,470,507,555,275,331,210,494,462,367,275,287,304
7,1,389,450,397,263,347,301,263,234,478,508,487,403,303,402,342,314,351,237,430,372,528,472
6,1,417,491,632,330,489,513,408,272,394,504,424,617,263,343,409,409,215,546,395,518,416,484
7,1,450,450,331,357,347,522,557,353,432,493,474,554,555,406,377,535,501,360,541,567,355,475
6,1,410,463,404,397,385,407,394,470,489,120,427,565,264,221,283,417,339,318,420,346,297,381
6,1,384,487,545,449,317,532,433,298,457,382,318,580,338,623,441,363,435,698,455,560,531,457
6,0,393,350,400,343,475,420,331,287,449,338,478,155,471,423,364,413,392,342,377,343,395,355
7,0,406,345,310,405,352,346,327,184,424,301,572,245,531,351,531,336,322,312,358,376,463,517
7,0,387,328,266,333,369,414,181,282,211,274,463,163,370,345,348,278,332,354,494,441,464,249
6,0,352,350,396,352,390,296,494,249,469,294,287,535,173,408,259,268,439,476,435,467,259,533
7,0,396,348,383,557,343,416,410,276,447,406,374,218,262,537,220,335,253,455,432,288,422,459
6,0,361,350,241,274,467,216,463,187,401,448,366,333,388,537,340,221,56,446,306,279,463,303
7,0,398,349,402,427,443,601,381,245,510,324,389,522,491,480,403,460,461,347,529,93,279,341
6,1,391,461,405,464,291,556,504,338,681,478,450,338,497,516,421,372,553,481,431,342,380,318
7,1,432,450,210,670,442,430,428,598,431,491,407,426,362,589,426,458,427,408,312,311,457,568
7,0,392,342,180,237,482,340,587,514,523,392,388,389,326,423,394,231,476,301,368,372,275,339
6,0,383,350,381,456,424,329,342,317,368,356,402,366,203,417,572,404,352,296,293,255,362,456
7,1,379,450,546,402,425,495,427,589,374,313,426,383,227,541,340,484,405,364,443,707,319,615
6,1,409,462,339,583,352,269,315,422,362,460,495,366,197,504,363,524,331,402,359,532,489,364
6,0,429,350,443,414,446,329,137,281,503,240,553,483,495,425,447,385,634,234,470,422,668,356
6,0,362,350,289,203,459,243,248,469,453,274,270,420,486,511,462,331,245,454,349,308,292,394
6,1,403,451,521,234,346,301,331,389,447,498,436,404,485,430,338,542,430,344,414,419,434,210
6,1,396,452,355,498,248,269,432,534,477,363,238,493,388,441,288,430,254,504,360,506,328,646
6,0,376,350,416,299,364,159,227,402,402,391,240,303,192,453,347,243,433,277,301,321,340,453
6,1,399,450,359,571,452,473,525,335,418,431,438,527,459,468,317,307,423,418,318,553,213,457
7,0,410,336,406,259,370,321,438,366,337,289,487,308,377,393,297,389,379,359,436,297,478,297
7,0,397,349,611,400,274,318,362,289,374,303,225,209,423,514,602,390,317,339,575,369,521,389
7,0,415,319,408,353,494,436,510,172,322,409,643,401,521,238,454,129,453,171,369,156,344,300
7,1,395,450,399,506,280,439,418,725,683,421,452,317,311,371,287,536,444,413,436,422,298,450
6,0,383,350,459,333,316,454,450,269,552,441,470,382,548,269,215,608,358,410,497,228,535,341
7,0,397,349,281,373,233,572,209,442,444,344,347,255,440,478,399,449,543,376,330,375,505,342
6,1,415,483,319,615,437,474,206,356,532,472,436,349,453,306,525,568,337,443,336,509,314,623
7,0,406,346,359,419,454,382,339,492,284,270,494,344,542,365,440,254,459,356,316,325,368,398
6,1,386,477,392,500,490,384,280,505,288,458,324,318,470,467,508,463,580,332,404,542,318,459
7,1,362,450,310,536,336,335,308,349,365,610,450,575,461,590,441,265,468,492,262,311,209,393
6,1,384,486,403,486,396,375,364,426,303,556,391,381,347,327,201,493,393,362,331,527,366,483
7,1,397,450,466,613,517,583,153,589,280,490,425,376,318,509,436,526,423,399,329,455,406,439
6,1,405,453,303,470,351,530,738,510,268,344,486,520,559,677,460,418,420,528,572,486,465,466
7,0,398,350,528,262,358,172,424,324,234,344,419,510,341,386,595,417,242,469,594,278,276,367
7,1,353,450,270,635,313,358,305,523,310,568,559,467,464,359,397,365,190,409,360,451,217,261
7,0,416,314,452,90,505,204,419,466,250,114,436,236,389,276,510,257,409,417,427,460,489,120
6,0,386,350,521,438,409,417,336,300,405,367,361,332,415,419,548,738,479,418,455,425,233,331
6,0,376,350,427,374,398,334,393,233,270,300,460,298,314,324,323,421,440,237,255,444,331,309
6,1,397,451,327,180,473,563,369,337,353,294,413,299,218,491,542,664,493,397,368,415,554,523
6,1,397,451,255,572,533,642,310,364,474,496,327,591,289,418,529,526,574,475,533,435,332,543
7,1,398,450,594,432,551,547,321,318,474,483,349,420,494,420,377,270,414,232,324,506,327,359
7,1,422,450,355,436,338,495,605,427,213,350,365,402,427,414,399,447,513,251,297,557,287,433
6,0,386,350,324,335,340,373,449,320,305,434,378,340,411,523,213,261,454,442,460,317,283,457
7,1,427,450,317,368,408,386,201,402,440,522,498,446,366,648,243,364,416,504,306,530,541,406
7,1,424,450,335,471,384,389,344,382,473,595,402,590,442,303,324,374,427,398,533,484,558,468
7,0,398,350,567,287,377,176,434,260,474,207,390,406,373,464,404,374,439,500,376,500,440,337
6,1,386,478,536,451,403,452,406,501,620,639,188,589,335,633,403,489,533,489,225,452,413,418
7,1,386,450,296,472,328,347,227,509,447,549,417,388,326,395,316,540,422,292,560,311,213,681
